Final homography: 
[[ 9.38381750e-01  4.64609396e-02  8.43683542e+00]
 [ 7.50877645e-02  8.54849443e-01  1.57992166e+01]
 [ 3.29655459e-04 -2.93534478e-05  1.00000000e+00]]
Final inliers count: 
328
 
 [[-1.03252190e+02 -3.76572968e+02 -1.00000000e+00  0.00000000e+00
   0.00000000e+00  0.00000000e+00  1.22368938e+04  4.46294014e+04
   1.18514618e+02]
 [ 0.00000000e+00  0.00000000e+00  0.00000000e+00 -1.03252190e+02
  -3.76572968e+02 -1.00000000e+00  3.49648693e+04  1.27521020e+05
   3.38635620e+02]
 [-1.88463470e+02 -1.93722061e+02 -1.00000000e+00  0.00000000e+00
   0.00000000e+00  0.00000000e+00  7.71090974e+03  7.92606293e+03
   4.09146118e+01]
 [ 0.00000000e+00  0.00000000e+00  0.00000000e+00 -1.88463470e+02
  -1.93722061e+02 -1.00000000e+00  2.28592938e+04  2.34971239e+04
   1.21292969e+02]
 [-2.34685211e+02 -3.67329102e+02 -1.00000000e+00  0.00000000e+00
   0.00000000e+00  0.00000000e+00  5.62051242e+04  8.79722147e+04
   2.39491547e+02]
 [ 0.00000000e+00  0.00000000e+00  0.00000000e+00 -2.34685211e+02
  -3.67329102e+02 -1.00000000e+00  7.66009077e+04  1.19895678e+05
   3.26398529e+02]
 [-1.54737000e+02 -3.17460358e+02 -1.00000000e+00  0.00000000e+00
   0.00000000e+00  0.00000000e+00  1.90276301e+04  3.90373231e+04
   1.22967552e+02]
 [ 0.00000000e+00  0.00000000e+00  0.00000000e+00 -1.54737000e+02
  -3.17460358e+02 -1.00000000e+00  5.28584244e+04  1.08445003e+05
   3.41601715e+02]] * [[ 9.38381750e-01  4.64609396e-02  8.43683542e+00]
 [ 7.50877645e-02  8.54849443e-01  1.57992166e+01]
 [ 3.29655459e-04 -2.93534478e-05  1.00000000e+00]] = 0